11445594
11445595
11445596
11445597
11445598
11445599
11445600
11445601
11445602
11445603
11445604
11445605
11445606
11445607
11445608
11445609
11445610
11445611
11445612
11445613
11445614
11445615
11445616
11445617
11445618
11445619
11445620
11445621
11445622
11445623
11445624
11445625
11445626
11445627
11445628
11445629
11445630
11445631
11445632
11445633
11445634
11445635
11445636
11445637
11445638
11445639
11445640
11445641
11445642
11445643
11445644
11445645
11445646
11445647
11445648
11445649
11445650
11445651
11445652
11445653
11445654
11445655
11445656
11445657
11445658
11445659
11445660
11445661
11445662
11445663
11445664
11445665
11445666
11445667
11445668
11445669
11445670
11445671
11445672
11445673
11445674
11445675
11445676
11445677
11445678
11445679
11445680
11445681
11445682
11445683
11445684
11445685
11445686
11445687
11445688
11445689
11445690
11445691
11445692
11445693
11445694
11445695
11445696
11445697
11445698
11445699
11445700
11445701
11445702
11445703
11445704
11445705
11445706
11445707
11445708
11445709
11445710
11445711
11445712
11445713
11445714
11445715
11445716
11445717
11445718
11445719
11445720
11445721
11445722
11445723
11445724
11445725
11445726
11445727
11445728
11445729
11445730
11445731
11445732
11445733
11445734
11445735
11445736
11445737
11445738
11445739
11445740
11445741
11445742
11445743
11445744
11445745
11445746
11445747
11445748
11445749
11445750
11445751
11445752
11445753
11445754
11445755
11445756
11445757
11445758
11445759
11445760
11445761
11445762
11445763
11445764
11445765
11445766
11445767
11445768
11445769
11445770
11445771
11445772
11445773
11445774
11445775
11445776
11445777
11445778
11445779
11445780
11445781
11445782
11445783
11445784
11445785
11445786
11445787
11445788
11445789
11445790
11445791
11445792
11445793
11445794
11445795
11445796
11445797
11445798
11445799
11445800
11445801
11445802
11445803
11445804
11445805
11445806
11445807
11445808
11445809
11445810
11445811
11445812
11445813
11445814
11445815
11445816
11445817
11445818
11445819
11445820
11445821
11445822
11445823
11445824
11445825
11445826
11445827
11445828
11445829
11445830
11445831
11445832
11445833
11445834
11445835
11445836
11445837
11445838
11445839
11445840
11445841
11445842
11445843
11445844
11445845
11445846
11445847
11445848
11445849
11445850
11445851
11445852
11445853
11445854
11445855
11445856
11445857
11445858
11445859
11445860
11445861
11445862
11445863
11445864
11445865
11445866
11445867
11445868
11445869
11445870
11445871
11445872
11445873
11445874
11445875
11445876
11445877
11445878
11445879
11445880
11445881
11445882
11445883
11445884
11445885
11445886
11445887
11445888
11445889
11445890
11445891
11445892
11445893
11445894
11445895
11445896
11445897
11445898
11445899
11445900
11445901
11445902
11445903
11445904
11445905
11445906
11445907
11445908
11445909
11445910
11445911
11445912
11445913
11445914
11445915
11445916
11445917
11445918
11445919
11445920
11445921
11445922
11445923
11445924
11445925
11445926
11445927
11445928
11445929
11445930
11445931
11445932
11445933
11445934
11445935
11445936
11445937
11445938
11445939
11445940
11445941
11445942
11445943
11445944
11445945
11445946
11445947
11445948
11445949
11445950
11445951
11445952
11445953
11445954
11445955
11445956
11445957
11445958
11445959
11445960
11445961
11445962
11445963
11445964
11445965
11445966
11445967
11445968
11445969
11445970
11445971
11445972
11445973
11445974
11445975
11445976
11445977
11445978
11445979
11445980
11445981
11445982
11445983
11445984
11445985
11445986
11445987
11445988
11445989
11445990
11445991
11445992
11445993
11445994
11445995
11445996
11445997
11445998
11445999
11446000
11446001
11446002
11446003
11446004
11446005
11446006
11446007
11446008
11446009
11446010
11446011
11446012
11446013
11446014
11446015
11446016
11446017
11446018
11446019
11446020
11446021
11446022
11446023
11446024
11446025
11446026
11446027
11446028
11446029
11446030
11446031
11446032
11446033
11446034
11446035
11446036
11446037
11446038
11446039
11446040
11446041
11446042
11446043
11446044
11446045
11446046
11446047
11446048
11446049
11446050
11446051
11446052
11446053
11446054
11446055
11446056
11446057
11446058
11446059
11446060
11446061
11446062
11446063
11446064
11446065
11446066
11446067
11446068
11446069
11446070
11446071
11446072
11446073
11446074
11446075
11446076
11446077
11446078
11446079
11446080
11446081
11446082
11446083
11446084
11446085
11446086
11446087
11446088
11446089
11446090
11446091
11446092
11446093
11446094
11446095
11446096
11446097
11446098
11446099
11446100
11446101
11446102
11446103
11446104
11446105
11446106
11446107
11446108
11446109
11446110
11446111
11446112
11446113
11446114
11446115
11446116
11446117
11446118
11446119
11446120
11446121
11446122
11446123
11446124
11446125
11446126
11446127
11446128
11446129
11446130
11446131
11446132
11446133
11446134
11446135
11446136
11446137
11446138
11446139
11446140
11446141
11446142
11446143
11446144
11446145
11446146
11446147
11446148
11446149
11446150
11446151
11446152
11446153
11446154
11446155
11446156
11446157
11446158
11446159
11446160
11446161
11446162
11446163
11446164
11446165
11446166
11446167
11446168
11446169
11446170
11446171
11446172
11446173
11446174
11446175
11446176
11446177
11446178
11446179
11446180
11446181
11446182
11446183
11446184
11446185
11446186
11446187
11446188
11446189
11446190
11446191
11446192
11446193
11446194
11446195
11446196
11446197
11446198
11446199
11446200
11446201
11446202
11446203
11446204
11446205
11446206
11446207
11446208
11446209
11446210
11446211
11446212
11446213
11446214
11446215
11446216
11446217
11446218
11446219
11446220
11446221
11446222
11446223
11446224
11446225
11446226
11446227
11446228
11446229
11446230
11446231
11446232
11446233
11446234
11446235
11446236
11446237
11446238
11446239
11446240
11446241
11446242
11446243
11446244
11446245
11446246
11446247
11446248
11446249
11446250
11446251
11446252
11446253
11446254
11446255
11446256
11446257
11446258
11446259
11446260
11446261
11446262
11446263
11446264
11446265
11446266
11446267
11446268
11446269
11446270
11446271
11446272
11446273
11446274
11446275
11446276
11446277
11446278
11446279
11446280
11446281
11446282
11446283
11446284
11446285
11446286
11446287
11446288
11446289
11446290
11446291
11446292
11446293
11446294
11446295
11446296
11446297
11446298
11446299
11446300
11446301
11446302
11446303
11446304
11446305
11446306
11446307
11446308
11446309
11446310
11446311
11446312
11446313
11446314
11446315
11446316
11446317
11446318
11446319
11446320
11446321
11446322
11446323
11446324
11446325
11446326
11446327
11446328
11446329
11446330
11446331
11446332
11446333
11446334
11446335
11446336
11446337
11446338
11446339
11446340
11446341
11446342
11446343
11446344
11446345
11446346
11446347
11446348
11446349
11446350
11446351
11446352
11446353
11446354
11446355
11446356
11446357
11446358
11446359
11446360
11446361
11446362
11446363
11446364
11446365
11446366
11446367
11446368
11446369
11446370
11446371
11446372
11446373
11446374
11446375
11446376
11446377
11446378
11446379
11446380
11446381
11446382
11446383
11446384
11446385
11446386
11446387
11446388
11446389
11446390
11446391
11446392
11446393
11446394
11446395
11446396
11446397
11446398
11446399
11446400
11446401
11446402
11446403
11446404
11446405
11446406
11446407
11446408
11446409
11446410
11446411
11446412
11446413
11446414
11446415
11446416
11446417
11446418
11446419
11446420
11446421
11446422
11446423
11446424
11446425
11446426
11446427
11446428
11446429
11446430
11446431
11446432
11446433
11446434
11446435
11446436
11446437
11446438
11446439
11446440
11446441
11446442
11446443
11446444
11446445
11446446
11446447
11446448
11446449
11446450
11446451
11446452
11446453
11446454
11446455
11446456
11446457
11446458
11446459
11446460
11446461
11446462
11446463
11446464
11446465
11446466
11446467
11446468
11446469
11446470
11446471
11446472
11446473
11446474
11446475
11446476
11446477
11446478
11446479
11446480
11446481
11446482
11446483
11446484
11446485
11446486
11446487
11446488
11446489
11446490
11446491
11446492
11446493
11446494
11446495
11446496
11446497
11446498
11446499
11446500
11446501
11446502
11446503
11446504
11446505
11446506
11446507
11446508
11446509
11446510
11446511
11446512
11446513
11446514
11446515
11446516
11446517
11446518
11446519
11446520
11446521
11446522
11446523
11446524
11446525
11446526
11446527
11446528
11446529
11446530
11446531
11446532
11446533
11446534
11446535
11446536
11446537
11446538
11446539
11446540
11446541
11446542
11446543
11446544
11446545
11446546
11446547
11446548
11446549
11446550
11446551
11446552
11446553
11446554
11446555
11446556
11446557
11446558
11446559
11446560
11446561
11446562
11446563
11446564
11446565
11446566
11446567
11446568
11446569
11446570
11446571
11446572
11446573
11446574
11446575
11446576
11446577
11446578
11446579
11445587
11445588
11445589
11445590
11445591
11445592
11445593
